Reference capture — CMD_GET_BULK_TFX reply, captured 2026-07-24 via the Milestone 2 skeleton app's
"Request Bulk Rig" known-command button, against a real Eleven Rack (see docs/protocol-spec.md).

Request sent:
F0 13 0B 0F 01 01 F7

Reply received (1123 bytes, arrived as a single JUCE MidiMessage - not fragmented):
F0 13 0B 0F 12 01 02 01 00 40 26 0F 70 17 69 08 09 54 1A 28 00 30 18 0E 00 00 00 00 00 00 00 00 00 00 00 00 00 00 00 00 00 00 00 00 00 00 00 0A 00 12 02 05 58 6F 2B 14 5F 7F 7F 7D 7E 31 36 1B 6A 67 56 4E 36 5E 19 1B 0D 75 33 6B 27 1B 2F 1B 6D 64 6A 48 00 00 00 00 0D 77 03 35 28 24 3D 02 00 04 63 31 66 52 00 00 00 13 7A 25 0E 49 28 02 60 00 00 01 46 79 39 53 20 00 00 00 00 54 38 1E 08 50 20 00 00 00 18 58 6B 04 33 7C 00 00 32 0C 4C 35 42 19 7E 00 00 19 06 36 1A 61 0C 7F 00 00 0C 43 23 0D 30 46 3F 40 00 06 22 4D 18 6F 2B 42 60 00 00 01 04 72 37 55 67 40 00 00 00 42 3A 1C 6A 70 58 00 00 00 21 5C 4D 75 39 18 00 00 00 10 6E 47 1A 5C 04 00 00 00 08 47 13 3D 2E 24 00 00 00 04 23 51 66 57 01 40 00 00 02 15 64 6F 2B 55 20 00 00 01 0A 74 39 55 61 10 00 00 00 46 39 1B 6A 75 58 00 00 00 23 1D 0E 35 38 1C 00 00 00 11 6E 26 7A 5C 18 00 00 00 08 77 23 4D 2E 00 00 00 00 04 43 49 5E 57 08 40 00 00 02 21 68 73 2B 40 20 00 00 01 12 72 37 55 68 60 00 00 00 49 3A 1C 6A 70 20 00 00 00 25 1C 4D 75 39 20 00 00 00 12 4E 47 1A 5C 10 00 00 00 09 37 13 3D 2E 30 00 00 00 04 5B 51 66 57 03 00 00 00 02 31 64 6F 2B 4D 20 00 00 01 18 74 39 55 60 50 00 00 00 46 29 5B 08 70 00 00 00 00 10 00 04 04 1B 05 60 79 31 00 00 00 00 00 40 6C 37 55 5F 7F 7F 7D 7E 20 37 1A 29 50 00 00 01 00 39 1C 0C 15 20 00 00 00 00 06 00 02 02 11 42 70 3C 58 40 10 00 00 00 74 36 1A 28 6F 7F 7F 7E 7F 39 10 6F 05 30 04 00 00 00 0E 00 02 02 15 42 70 3C 58 40 00 00 00 00 43 32 1B 0E 33 19 4C 66 33 18 59 0D 47 1C 7B 5D 09 15 4C 6C 46 63 4F 08 7C 17 3A 46 26 23 31 66 2C 27 44 57 54 3B 11 58 73 33 19 4C 6E 32 11 48 6C 39 40 00 00 04 00 50 00 10 11 4C 17 03 65 44 01 00 00 00 07 33 25 64 44 00 00 00 0E 33 09 4A 72 2A 00 00 00 01 21 66 73 30 50 40 00 00 03 18 6C 3B 19 29 40 00 00 00 40 60 00 04 04 39 45 48 6C 39 7F 7F 7F 7F 7C 64 64 36 1C 60 00 00 00 60 33 32 1B 0E 30 00 00 01 2A 1A 19 0D 47 1C 5E 44 2F 17 4D 2C 46 63 4C 00 00 00 00 06 76 23 31 67 7F 7F 7F 6F 73 43 11 58 73 00 03 67 42 59 65 48 6C 39 7F 7F 7F 7B 7D 02 64 36 1C 60 00 00 00 44 42 32 1B 0E 30 00 00 01 3C 21 59 0D 47 18 00 00 00 11 11 0C 46 63 4C 00 00 00 0A 08 56 23 31 66 01 00 00 00 03 33 11 58 73 03 40 00 00 02 19 48 6C 39 40 00 00 04 01 0E 64 36 1C 7F 7A 1E 14 60 63 37 1E 2A 30 00 00 00 00 37 13 6E 25 20 04 00 00 00 12 4C 46 63 4C 00 00 00 00 09 36 23 31 66 05 00 00 00 04 63 11 58 73 00 40 00 00 02 35 48 6C 39 40 00 00 00 01 1C 64 36 1C 60 00 00 00 4C 4F 32 1B 0E 30 00 00 00 00 10 00 04 04 43 05 60 79 31 00 20 00 00 01 48 6E 32 5C 71 6B 41 0D 5C 6E 39 1D 0E 25 2A 55 2B 55 38 1D 0C 57 38 00 00 00 40 0C 00 02 02 25 42 70 3C 58 40 10 00 00 00 64 32 5C 0A 30 00 00 01 36 34 1D 0E 04 20 00 00 00 11 1A 6C 26 22 1B 7F 7F 7F 4F 6F 16 62 11 20 00 00 00 14 06 1B 39 72 53 00 00 00 00 01 40 00 20 25 18 2E 07 4B 08 02 00 00 00 0D 64 4B 21 06 00 00 00 00 07 02 11 44 56 00 00 00 01 33 51 24 62 2B 3F 7F 7F 79 7D 4A 64 37 53 20 00 00 00 00 63 37 1E 2A 30 00 00 00 00 28 00 04 04 5B 05 60 79 31 00 00 00 00 01 48 6E 36 10 40 00 00 03 04 6B 31 19 08 60 00 00 00 2A 10 1E 2D 44 20 14 00 00 79 18 6D 67 4A 4C 00 00 00 00 0E 64 63 39 12 00 00 00 00 06 43 51 60 44 00 00 00 08 03 09 2C 68 21 40 00 00 00 00 40 20 2C 0D 00 00 00 00 00 73 34 5B 69 60 00 00 00 00 18 00 04 04 63 05 60 79 31 00 00 00 00 01 72 61 31 51 00 00 00 00 00 65 37 1B 6A 40 00 00 00 00 3C 1A 29 55 10 00 00 00 74 19 2E 07 4A 50 0C 00 00 00 0F 16 62 11 20 00 00 00 10 00 F7

Which rig this bulk dump represents was not recorded at capture time - the app didn't log the
current rig selection alongside this request. Treat as an unlabeled baseline sample; if diffing
against a future capture, capture the current rig name/number at the same time for context.
